(2.000000, 2.000000, 2.000000) = -11
(2.000000, 1.000000, 2.000000) = -8
(2.000000, 2.000000, 1.000000) = -8
(2.000000, 1.000000, 1.000000) = -5
(1.000000, 2.000000, 2.000000) = -8
(1.000000, 2.000000, 1.000000) = -5
(1.000000, 1.000000, 2.000000) = -5
(1.000000, 1.000000, 1.000000) = -2

(2.000000, 2.000000, 1.000000) = -8
(2.000000, 1.000000, 1.000000) = -7
(2.000000, 2.000000, 0.000000) = -5
(2.000000, 1.000000, 0.000000) = -4
(1.000000, 2.000000, 1.000000) = -5
(1.000000, 2.000000, 0.000000) = -4
(1.000000, 1.000000, 1.000000) = -2
(1.000000, 1.000000, 0.000000) = -1

(2.000000, 1.000000, 2.000000) = -8
(2.000000, 0.000000, 2.000000) = -5
(2.000000, 1.000000, 1.000000) = -7
(2.000000, 0.000000, 1.000000) = -4
(1.000000, 1.000000, 2.000000) = -5
(1.000000, 1.000000, 1.000000) = -2
(1.000000, 0.000000, 2.000000) = -4
(1.000000, 0.000000, 1.000000) = -1

(2.000000, 1.000000, 1.000000) = -5
(2.000000, 0.000000, 1.000000) = -4
(2.000000, 1.000000, 0.000000) = -4
(2.000000, 0.000000, 0.000000) = -3
(1.000000, 1.000000, 1.000000) = -2
(1.000000, 1.000000, 0.000000) = -1
(1.000000, 0.000000, 1.000000) = -1
(1.000000, 0.000000, 0.000000) = 0

(1.000000, 2.000000, 2.000000) = -8
(1.000000, 1.000000, 2.000000) = -5
(1.000000, 2.000000, 1.000000) = -5
(1.000000, 1.000000, 1.000000) = -2
(0.000000, 2.000000, 2.000000) = -7
(0.000000, 2.000000, 1.000000) = -4
(0.000000, 1.000000, 2.000000) = -4
(0.000000, 1.000000, 1.000000) = -1

(1.000000, 2.000000, 1.000000) = -5
(1.000000, 1.000000, 1.000000) = -4
(1.000000, 2.000000, 0.000000) = -2
(1.000000, 1.000000, 0.000000) = -1
(0.000000, 2.000000, 1.000000) = -4
(0.000000, 2.000000, 0.000000) = -3
(0.000000, 1.000000, 1.000000) = -1
(0.000000, 1.000000, 0.000000) = 0

(1.000000, 1.000000, 2.000000) = -5
(1.000000, 0.000000, 2.000000) = -2
(1.000000, 1.000000, 1.000000) = -4
(1.000000, 0.000000, 1.000000) = -1
(0.000000, 1.000000, 2.000000) = -4
(0.000000, 1.000000, 1.000000) = -1
(0.000000, 0.000000, 2.000000) = -3
(0.000000, 0.000000, 1.000000) = 0

(1.000000, 1.000000, 1.000000) = -2
(1.000000, 0.000000, 1.000000) = -1
(1.000000, 1.000000, 0.000000) = -1
(1.000000, 0.000000, 0.000000) = 0
(0.000000, 1.000000, 1.000000) = -1
(0.000000, 1.000000, 0.000000) = 0
(0.000000, 0.000000, 1.000000) = 0
(0.000000, 0.000000, 0.000000) = 1

(2.000000, 2.000000, 0.000000) = -7
(2.000000, 1.000000, 0.000000) = -8
(2.000000, 2.000000, -1.000000) = -4
(2.000000, 1.000000, -1.000000) = -5
(1.000000, 2.000000, 0.000000) = -4
(1.000000, 2.000000, -1.000000) = -5
(1.000000, 1.000000, 0.000000) = -1
(1.000000, 1.000000, -1.000000) = -2

(2.000000, 2.000000, -1.000000) = -8
(2.000000, 1.000000, -1.000000) = -11
(2.000000, 2.000000, -2.000000) = -5
(2.000000, 1.000000, -2.000000) = -8
(1.000000, 2.000000, -1.000000) = -5
(1.000000, 2.000000, -2.000000) = -8
(1.000000, 1.000000, -1.000000) = -2
(1.000000, 1.000000, -2.000000) = -5

(2.000000, 1.000000, 0.000000) = -4
(2.000000, 0.000000, 0.000000) = -5
(2.000000, 1.000000, -1.000000) = -3
(2.000000, 0.000000, -1.000000) = -4
(1.000000, 1.000000, 0.000000) = -1
(1.000000, 1.000000, -1.000000) = -2
(1.000000, 0.000000, 0.000000) = 0
(1.000000, 0.000000, -1.000000) = -1

(2.000000, 1.000000, -1.000000) = -5
(2.000000, 0.000000, -1.000000) = -8
(2.000000, 1.000000, -2.000000) = -4
(2.000000, 0.000000, -2.000000) = -7
(1.000000, 1.000000, -1.000000) = -2
(1.000000, 1.000000, -2.000000) = -5
(1.000000, 0.000000, -1.000000) = -1
(1.000000, 0.000000, -2.000000) = -4

(1.000000, 2.000000, 0.000000) = -4
(1.000000, 1.000000, 0.000000) = -5
(1.000000, 2.000000, -1.000000) = -1
(1.000000, 1.000000, -1.000000) = -2
(0.000000, 2.000000, 0.000000) = -3
(0.000000, 2.000000, -1.000000) = -4
(0.000000, 1.000000, 0.000000) = 0
(0.000000, 1.000000, -1.000000) = -1

(1.000000, 2.000000, -1.000000) = -5
(1.000000, 1.000000, -1.000000) = -8
(1.000000, 2.000000, -2.000000) = -2
(1.000000, 1.000000, -2.000000) = -5
(0.000000, 2.000000, -1.000000) = -4
(0.000000, 2.000000, -2.000000) = -7
(0.000000, 1.000000, -1.000000) = -1
(0.000000, 1.000000, -2.000000) = -4

(1.000000, 1.000000, 0.000000) = -1
(1.000000, 0.000000, 0.000000) = -2
(1.000000, 1.000000, -1.000000) = 0
(1.000000, 0.000000, -1.000000) = -1
(0.000000, 1.000000, 0.000000) = 0
(0.000000, 1.000000, -1.000000) = -1
(0.000000, 0.000000, 0.000000) = 1
(0.000000, 0.000000, -1.000000) = 0

(1.000000, 1.000000, -1.000000) = -2
(1.000000, 0.000000, -1.000000) = -5
(1.000000, 1.000000, -2.000000) = -1
(1.000000, 0.000000, -2.000000) = -4
(0.000000, 1.000000, -1.000000) = -1
(0.000000, 1.000000, -2.000000) = -4
(0.000000, 0.000000, -1.000000) = 0
(0.000000, 0.000000, -2.000000) = -3

(2.000000, 0.000000, 2.000000) = -7
(2.000000, -1.000000, 2.000000) = -4
(2.000000, 0.000000, 1.000000) = -8
(2.000000, -1.000000, 1.000000) = -5
(1.000000, 0.000000, 2.000000) = -4
(1.000000, 0.000000, 1.000000) = -1
(1.000000, -1.000000, 2.000000) = -5
(1.000000, -1.000000, 1.000000) = -2

(2.000000, 0.000000, 1.000000) = -4
(2.000000, -1.000000, 1.000000) = -3
(2.000000, 0.000000, 0.000000) = -5
(2.000000, -1.000000, 0.000000) = -4
(1.000000, 0.000000, 1.000000) = -1
(1.000000, 0.000000, 0.000000) = 0
(1.000000, -1.000000, 1.000000) = -2
(1.000000, -1.000000, 0.000000) = -1

(2.000000, -1.000000, 2.000000) = -8
(2.000000, -2.000000, 2.000000) = -5
(2.000000, -1.000000, 1.000000) = -11
(2.000000, -2.000000, 1.000000) = -8
(1.000000, -1.000000, 2.000000) = -5
(1.000000, -1.000000, 1.000000) = -2
(1.000000, -2.000000, 2.000000) = -8
(1.000000, -2.000000, 1.000000) = -5

(2.000000, -1.000000, 1.000000) = -5
(2.000000, -2.000000, 1.000000) = -4
(2.000000, -1.000000, 0.000000) = -8
(2.000000, -2.000000, 0.000000) = -7
(1.000000, -1.000000, 1.000000) = -2
(1.000000, -1.000000, 0.000000) = -1
(1.000000, -2.000000, 1.000000) = -5
(1.000000, -2.000000, 0.000000) = -4

(1.000000, 0.000000, 2.000000) = -4
(1.000000, -1.000000, 2.000000) = -1
(1.000000, 0.000000, 1.000000) = -5
(1.000000, -1.000000, 1.000000) = -2
(0.000000, 0.000000, 2.000000) = -3
(0.000000, 0.000000, 1.000000) = 0
(0.000000, -1.000000, 2.000000) = -4
(0.000000, -1.000000, 1.000000) = -1

(1.000000, 0.000000, 1.000000) = -1
(1.000000, -1.000000, 1.000000) = 0
(1.000000, 0.000000, 0.000000) = -2
(1.000000, -1.000000, 0.000000) = -1
(0.000000, 0.000000, 1.000000) = 0
(0.000000, 0.000000, 0.000000) = 1
(0.000000, -1.000000, 1.000000) = -1
(0.000000, -1.000000, 0.000000) = 0

(1.000000, -1.000000, 2.000000) = -5
(1.000000, -2.000000, 2.000000) = -2
(1.000000, -1.000000, 1.000000) = -8
(1.000000, -2.000000, 1.000000) = -5
(0.000000, -1.000000, 2.000000) = -4
(0.000000, -1.000000, 1.000000) = -1
(0.000000, -2.000000, 2.000000) = -7
(0.000000, -2.000000, 1.000000) = -4

(1.000000, -1.000000, 1.000000) = -2
(1.000000, -2.000000, 1.000000) = -1
(1.000000, -1.000000, 0.000000) = -5
(1.000000, -2.000000, 0.000000) = -4
(0.000000, -1.000000, 1.000000) = -1
(0.000000, -1.000000, 0.000000) = 0
(0.000000, -2.000000, 1.000000) = -4
(0.000000, -2.000000, 0.000000) = -3

(2.000000, 0.000000, 0.000000) = -3
(2.000000, -1.000000, 0.000000) = -4
(2.000000, 0.000000, -1.000000) = -4
(2.000000, -1.000000, -1.000000) = -5
(1.000000, 0.000000, 0.000000) = 0
(1.000000, 0.000000, -1.000000) = -1
(1.000000, -1.000000, 0.000000) = -1
(1.000000, -1.000000, -1.000000) = -2

(2.000000, 0.000000, -1.000000) = -4
(2.000000, -1.000000, -1.000000) = -7
(2.000000, 0.000000, -2.000000) = -5
(2.000000, -1.000000, -2.000000) = -8
(1.000000, 0.000000, -1.000000) = -1
(1.000000, 0.000000, -2.000000) = -4
(1.000000, -1.000000, -1.000000) = -2
(1.000000, -1.000000, -2.000000) = -5

(2.000000, -1.000000, 0.000000) = -4
(2.000000, -2.000000, 0.000000) = -5
(2.000000, -1.000000, -1.000000) = -7
(2.000000, -2.000000, -1.000000) = -8
(1.000000, -1.000000, 0.000000) = -1
(1.000000, -1.000000, -1.000000) = -2
(1.000000, -2.000000, 0.000000) = -4
(1.000000, -2.000000, -1.000000) = -5

(2.000000, -1.000000, -1.000000) = -5
(2.000000, -2.000000, -1.000000) = -8
(2.000000, -1.000000, -2.000000) = -8
(2.000000, -2.000000, -2.000000) = -11
(1.000000, -1.000000, -1.000000) = -2
(1.000000, -1.000000, -2.000000) = -5
(1.000000, -2.000000, -1.000000) = -5
(1.000000, -2.000000, -2.000000) = -8

(1.000000, 0.000000, 0.000000) = 0
(1.000000, -1.000000, 0.000000) = -1
(1.000000, 0.000000, -1.000000) = -1
(1.000000, -1.000000, -1.000000) = -2
(0.000000, 0.000000, 0.000000) = 1
(0.000000, 0.000000, -1.000000) = 0
(0.000000, -1.000000, 0.000000) = 0
(0.000000, -1.000000, -1.000000) = -1

(1.000000, 0.000000, -1.000000) = -1
(1.000000, -1.000000, -1.000000) = -4
(1.000000, 0.000000, -2.000000) = -2
(1.000000, -1.000000, -2.000000) = -5
(0.000000, 0.000000, -1.000000) = 0
(0.000000, 0.000000, -2.000000) = -3
(0.000000, -1.000000, -1.000000) = -1
(0.000000, -1.000000, -2.000000) = -4

(1.000000, -1.000000, 0.000000) = -1
(1.000000, -2.000000, 0.000000) = -2
(1.000000, -1.000000, -1.000000) = -4
(1.000000, -2.000000, -1.000000) = -5
(0.000000, -1.000000, 0.000000) = 0
(0.000000, -1.000000, -1.000000) = -1
(0.000000, -2.000000, 0.000000) = -3
(0.000000, -2.000000, -1.000000) = -4

(1.000000, -1.000000, -1.000000) = -2
(1.000000, -2.000000, -1.000000) = -5
(1.000000, -1.000000, -2.000000) = -5
(1.000000, -2.000000, -2.000000) = -8
(0.000000, -1.000000, -1.000000) = -1
(0.000000, -1.000000, -2.000000) = -4
(0.000000, -2.000000, -1.000000) = -4
(0.000000, -2.000000, -2.000000) = -7

(0.000000, 2.000000, 2.000000) = -7
(0.000000, 1.000000, 2.000000) = -4
(0.000000, 2.000000, 1.000000) = -4
(0.000000, 1.000000, 1.000000) = -1
(-1.000000, 2.000000, 2.000000) = -8
(-1.000000, 2.000000, 1.000000) = -5
(-1.000000, 1.000000, 2.000000) = -5
(-1.000000, 1.000000, 1.000000) = -2

(0.000000, 2.000000, 1.000000) = -4
(0.000000, 1.000000, 1.000000) = -3
(0.000000, 2.000000, 0.000000) = -1
(0.000000, 1.000000, 0.000000) = 0
(-1.000000, 2.000000, 1.000000) = -5
(-1.000000, 2.000000, 0.000000) = -4
(-1.000000, 1.000000, 1.000000) = -2
(-1.000000, 1.000000, 0.000000) = -1

(0.000000, 1.000000, 2.000000) = -4
(0.000000, 0.000000, 2.000000) = -1
(0.000000, 1.000000, 1.000000) = -3
(0.000000, 0.000000, 1.000000) = 0
(-1.000000, 1.000000, 2.000000) = -5
(-1.000000, 1.000000, 1.000000) = -2
(-1.000000, 0.000000, 2.000000) = -4
(-1.000000, 0.000000, 1.000000) = -1

(0.000000, 1.000000, 1.000000) = -1
(0.000000, 0.000000, 1.000000) = 0
(0.000000, 1.000000, 0.000000) = 0
(0.000000, 0.000000, 0.000000) = 1
(-1.000000, 1.000000, 1.000000) = -2
(-1.000000, 1.000000, 0.000000) = -1
(-1.000000, 0.000000, 1.000000) = -1
(-1.000000, 0.000000, 0.000000) = 0

(-1.000000, 2.000000, 2.000000) = -8
(-1.000000, 1.000000, 2.000000) = -5
(-1.000000, 2.000000, 1.000000) = -5
(-1.000000, 1.000000, 1.000000) = -2
(-2.000000, 2.000000, 2.000000) = -11
(-2.000000, 2.000000, 1.000000) = -8
(-2.000000, 1.000000, 2.000000) = -8
(-2.000000, 1.000000, 1.000000) = -5

(-1.000000, 2.000000, 1.000000) = -5
(-1.000000, 1.000000, 1.000000) = -4
(-1.000000, 2.000000, 0.000000) = -2
(-1.000000, 1.000000, 0.000000) = -1
(-2.000000, 2.000000, 1.000000) = -8
(-2.000000, 2.000000, 0.000000) = -7
(-2.000000, 1.000000, 1.000000) = -5
(-2.000000, 1.000000, 0.000000) = -4

(-1.000000, 1.000000, 2.000000) = -5
(-1.000000, 0.000000, 2.000000) = -2
(-1.000000, 1.000000, 1.000000) = -4
(-1.000000, 0.000000, 1.000000) = -1
(-2.000000, 1.000000, 2.000000) = -8
(-2.000000, 1.000000, 1.000000) = -5
(-2.000000, 0.000000, 2.000000) = -7
(-2.000000, 0.000000, 1.000000) = -4

(-1.000000, 1.000000, 1.000000) = -2
(-1.000000, 0.000000, 1.000000) = -1
(-1.000000, 1.000000, 0.000000) = -1
(-1.000000, 0.000000, 0.000000) = 0
(-2.000000, 1.000000, 1.000000) = -5
(-2.000000, 1.000000, 0.000000) = -4
(-2.000000, 0.000000, 1.000000) = -4
(-2.000000, 0.000000, 0.000000) = -3

(0.000000, 2.000000, 0.000000) = -3
(0.000000, 1.000000, 0.000000) = -4
(0.000000, 2.000000, -1.000000) = 0
(0.000000, 1.000000, -1.000000) = -1
(-1.000000, 2.000000, 0.000000) = -4
(-1.000000, 2.000000, -1.000000) = -5
(-1.000000, 1.000000, 0.000000) = -1
(-1.000000, 1.000000, -1.000000) = -2

(0.000000, 2.000000, -1.000000) = -4
(0.000000, 1.000000, -1.000000) = -7
(0.000000, 2.000000, -2.000000) = -1
(0.000000, 1.000000, -2.000000) = -4
(-1.000000, 2.000000, -1.000000) = -5
(-1.000000, 2.000000, -2.000000) = -8
(-1.000000, 1.000000, -1.000000) = -2
(-1.000000, 1.000000, -2.000000) = -5

(0.000000, 1.000000, 0.000000) = 0
(0.000000, 0.000000, 0.000000) = -1
(0.000000, 1.000000, -1.000000) = 1
(0.000000, 0.000000, -1.000000) = 0
(-1.000000, 1.000000, 0.000000) = -1
(-1.000000, 1.000000, -1.000000) = -2
(-1.000000, 0.000000, 0.000000) = 0
(-1.000000, 0.000000, -1.000000) = -1

(0.000000, 1.000000, -1.000000) = -1
(0.000000, 0.000000, -1.000000) = -4
(0.000000, 1.000000, -2.000000) = 0
(0.000000, 0.000000, -2.000000) = -3
(-1.000000, 1.000000, -1.000000) = -2
(-1.000000, 1.000000, -2.000000) = -5
(-1.000000, 0.000000, -1.000000) = -1
(-1.000000, 0.000000, -2.000000) = -4

(-1.000000, 2.000000, 0.000000) = -4
(-1.000000, 1.000000, 0.000000) = -5
(-1.000000, 2.000000, -1.000000) = -1
(-1.000000, 1.000000, -1.000000) = -2
(-2.000000, 2.000000, 0.000000) = -7
(-2.000000, 2.000000, -1.000000) = -8
(-2.000000, 1.000000, 0.000000) = -4
(-2.000000, 1.000000, -1.000000) = -5

(-1.000000, 2.000000, -1.000000) = -5
(-1.000000, 1.000000, -1.000000) = -8
(-1.000000, 2.000000, -2.000000) = -2
(-1.000000, 1.000000, -2.000000) = -5
(-2.000000, 2.000000, -1.000000) = -8
(-2.000000, 2.000000, -2.000000) = -11
(-2.000000, 1.000000, -1.000000) = -5
(-2.000000, 1.000000, -2.000000) = -8

(-1.000000, 1.000000, 0.000000) = -1
(-1.000000, 0.000000, 0.000000) = -2
(-1.000000, 1.000000, -1.000000) = 0
(-1.000000, 0.000000, -1.000000) = -1
(-2.000000, 1.000000, 0.000000) = -4
(-2.000000, 1.000000, -1.000000) = -5
(-2.000000, 0.000000, 0.000000) = -3
(-2.000000, 0.000000, -1.000000) = -4

(-1.000000, 1.000000, -1.000000) = -2
(-1.000000, 0.000000, -1.000000) = -5
(-1.000000, 1.000000, -2.000000) = -1
(-1.000000, 0.000000, -2.000000) = -4
(-2.000000, 1.000000, -1.000000) = -5
(-2.000000, 1.000000, -2.000000) = -8
(-2.000000, 0.000000, -1.000000) = -4
(-2.000000, 0.000000, -2.000000) = -7

(0.000000, 0.000000, 2.000000) = -3
(0.000000, -1.000000, 2.000000) = 0
(0.000000, 0.000000, 1.000000) = -4
(0.000000, -1.000000, 1.000000) = -1
(-1.000000, 0.000000, 2.000000) = -4
(-1.000000, 0.000000, 1.000000) = -1
(-1.000000, -1.000000, 2.000000) = -5
(-1.000000, -1.000000, 1.000000) = -2

(0.000000, 0.000000, 1.000000) = 0
(0.000000, -1.000000, 1.000000) = 1
(0.000000, 0.000000, 0.000000) = -1
(0.000000, -1.000000, 0.000000) = 0
(-1.000000, 0.000000, 1.000000) = -1
(-1.000000, 0.000000, 0.000000) = 0
(-1.000000, -1.000000, 1.000000) = -2
(-1.000000, -1.000000, 0.000000) = -1

(0.000000, -1.000000, 2.000000) = -4
(0.000000, -2.000000, 2.000000) = -1
(0.000000, -1.000000, 1.000000) = -7
(0.000000, -2.000000, 1.000000) = -4
(-1.000000, -1.000000, 2.000000) = -5
(-1.000000, -1.000000, 1.000000) = -2
(-1.000000, -2.000000, 2.000000) = -8
(-1.000000, -2.000000, 1.000000) = -5

(0.000000, -1.000000, 1.000000) = -1
(0.000000, -2.000000, 1.000000) = 0
(0.000000, -1.000000, 0.000000) = -4
(0.000000, -2.000000, 0.000000) = -3
(-1.000000, -1.000000, 1.000000) = -2
(-1.000000, -1.000000, 0.000000) = -1
(-1.000000, -2.000000, 1.000000) = -5
(-1.000000, -2.000000, 0.000000) = -4

(-1.000000, 0.000000, 2.000000) = -4
(-1.000000, -1.000000, 2.000000) = -1
(-1.000000, 0.000000, 1.000000) = -5
(-1.000000, -1.000000, 1.000000) = -2
(-2.000000, 0.000000, 2.000000) = -7
(-2.000000, 0.000000, 1.000000) = -4
(-2.000000, -1.000000, 2.000000) = -8
(-2.000000, -1.000000, 1.000000) = -5

(-1.000000, 0.000000, 1.000000) = -1
(-1.000000, -1.000000, 1.000000) = 0
(-1.000000, 0.000000, 0.000000) = -2
(-1.000000, -1.000000, 0.000000) = -1
(-2.000000, 0.000000, 1.000000) = -4
(-2.000000, 0.000000, 0.000000) = -3
(-2.000000, -1.000000, 1.000000) = -5
(-2.000000, -1.000000, 0.000000) = -4

(-1.000000, -1.000000, 2.000000) = -5
(-1.000000, -2.000000, 2.000000) = -2
(-1.000000, -1.000000, 1.000000) = -8
(-1.000000, -2.000000, 1.000000) = -5
(-2.000000, -1.000000, 2.000000) = -8
(-2.000000, -1.000000, 1.000000) = -5
(-2.000000, -2.000000, 2.000000) = -11
(-2.000000, -2.000000, 1.000000) = -8

(-1.000000, -1.000000, 1.000000) = -2
(-1.000000, -2.000000, 1.000000) = -1
(-1.000000, -1.000000, 0.000000) = -5
(-1.000000, -2.000000, 0.000000) = -4
(-2.000000, -1.000000, 1.000000) = -5
(-2.000000, -1.000000, 0.000000) = -4
(-2.000000, -2.000000, 1.000000) = -8
(-2.000000, -2.000000, 0.000000) = -7

(0.000000, 0.000000, 0.000000) = 1
(0.000000, -1.000000, 0.000000) = 0
(0.000000, 0.000000, -1.000000) = 0
(0.000000, -1.000000, -1.000000) = -1
(-1.000000, 0.000000, 0.000000) = 0
(-1.000000, 0.000000, -1.000000) = -1
(-1.000000, -1.000000, 0.000000) = -1
(-1.000000, -1.000000, -1.000000) = -2

(0.000000, 0.000000, -1.000000) = 0
(0.000000, -1.000000, -1.000000) = -3
(0.000000, 0.000000, -2.000000) = -1
(0.000000, -1.000000, -2.000000) = -4
(-1.000000, 0.000000, -1.000000) = -1
(-1.000000, 0.000000, -2.000000) = -4
(-1.000000, -1.000000, -1.000000) = -2
(-1.000000, -1.000000, -2.000000) = -5

(0.000000, -1.000000, 0.000000) = 0
(0.000000, -2.000000, 0.000000) = -1
(0.000000, -1.000000, -1.000000) = -3
(0.000000, -2.000000, -1.000000) = -4
(-1.000000, -1.000000, 0.000000) = -1
(-1.000000, -1.000000, -1.000000) = -2
(-1.000000, -2.000000, 0.000000) = -4
(-1.000000, -2.000000, -1.000000) = -5

(0.000000, -1.000000, -1.000000) = -1
(0.000000, -2.000000, -1.000000) = -4
(0.000000, -1.000000, -2.000000) = -4
(0.000000, -2.000000, -2.000000) = -7
(-1.000000, -1.000000, -1.000000) = -2
(-1.000000, -1.000000, -2.000000) = -5
(-1.000000, -2.000000, -1.000000) = -5
(-1.000000, -2.000000, -2.000000) = -8

(-1.000000, 0.000000, 0.000000) = 0
(-1.000000, -1.000000, 0.000000) = -1
(-1.000000, 0.000000, -1.000000) = -1
(-1.000000, -1.000000, -1.000000) = -2
(-2.000000, 0.000000, 0.000000) = -3
(-2.000000, 0.000000, -1.000000) = -4
(-2.000000, -1.000000, 0.000000) = -4
(-2.000000, -1.000000, -1.000000) = -5

(-1.000000, 0.000000, -1.000000) = -1
(-1.000000, -1.000000, -1.000000) = -4
(-1.000000, 0.000000, -2.000000) = -2
(-1.000000, -1.000000, -2.000000) = -5
(-2.000000, 0.000000, -1.000000) = -4
(-2.000000, 0.000000, -2.000000) = -7
(-2.000000, -1.000000, -1.000000) = -5
(-2.000000, -1.000000, -2.000000) = -8

(-1.000000, -1.000000, 0.000000) = -1
(-1.000000, -2.000000, 0.000000) = -2
(-1.000000, -1.000000, -1.000000) = -4
(-1.000000, -2.000000, -1.000000) = -5
(-2.000000, -1.000000, 0.000000) = -4
(-2.000000, -1.000000, -1.000000) = -5
(-2.000000, -2.000000, 0.000000) = -7
(-2.000000, -2.000000, -1.000000) = -8

(-1.000000, -1.000000, -1.000000) = -2
(-1.000000, -2.000000, -1.000000) = -5
(-1.000000, -1.000000, -2.000000) = -5
(-1.000000, -2.000000, -2.000000) = -8
(-2.000000, -1.000000, -1.000000) = -5
(-2.000000, -1.000000, -2.000000) = -8
(-2.000000, -2.000000, -1.000000) = -8
(-2.000000, -2.000000, -2.000000) = -11

